world: b6cbba7f-cd41-4adc-a76e-e720c3568826
world-name: world
x: 175.69999998807907
y: 129.0
z: 209.63582511253827
yaw: 170.82080078125
pitch: 30.299890518188477
name: pvp
lastowner: 0982c1ef-7286-4c5d-9353-f563b0004464
