world: b6cbba7f-cd41-4adc-a76e-e720c3568826
world-name: world
x: -27534.94726445288
y: 64.0
z: -137.07517611681644
yaw: 9.453369140625
pitch: 44.55039596557617
name: smacbase
lastowner: 0982c1ef-7286-4c5d-9353-f563b0004464
