world: b6cbba7f-cd41-4adc-a76e-e720c3568826
world-name: world
x: -23.5
y: 81.0
z: -6.5
yaw: -92.55474090576172
pitch: 7.200043678283691
name: spawn
lastowner: 0982c1ef-7286-4c5d-9353-f563b0004464
